6.500000000000000000e+00 7.500000000000000000e+00
1.950000000000000000e+01 2.050000000000000000e+01
2.850000000000000000e+01 2.950000000000000000e+01
3.750000000000000000e+01 3.850000000000000000e+01
3.950000000000000000e+01 4.050000000000000000e+01
5.350000000000000000e+01 5.450000000000000000e+01
7.050000000000000000e+01 7.150000000000000000e+01
7.050000000000000000e+01 7.150000000000000000e+01
7.650000000000000000e+01 7.750000000000000000e+01
7.850000000000000000e+01 7.950000000000000000e+01
8.350000000000000000e+01 8.450000000000000000e+01
8.850000000000000000e+01 8.950000000000000000e+01
8.950000000000000000e+01 9.050000000000000000e+01
9.150000000000000000e+01 9.250000000000000000e+01
1.025000000000000000e+02 1.035000000000000000e+02
1.095000000000000000e+02 1.105000000000000000e+02
1.185000000000000000e+02 1.195000000000000000e+02
1.195000000000000000e+02 1.205000000000000000e+02
1.195000000000000000e+02 1.205000000000000000e+02
1.205000000000000000e+02 1.215000000000000000e+02
1.205000000000000000e+02 1.215000000000000000e+02
1.225000000000000000e+02 1.235000000000000000e+02
1.225000000000000000e+02 1.235000000000000000e+02
1.315000000000000000e+02 1.325000000000000000e+02
1.415000000000000000e+02 1.425000000000000000e+02
1.425000000000000000e+02 1.435000000000000000e+02
1.425000000000000000e+02 1.435000000000000000e+02
1.495000000000000000e+02 1.505000000000000000e+02
1.505000000000000000e+02 1.515000000000000000e+02
1.615000000000000000e+02 1.625000000000000000e+02
1.615000000000000000e+02 1.625000000000000000e+02
1.645000000000000000e+02 1.655000000000000000e+02
1.655000000000000000e+02 1.665000000000000000e+02
1.695000000000000000e+02 1.705000000000000000e+02
1.705000000000000000e+02 1.715000000000000000e+02
1.765000000000000000e+02 1.775000000000000000e+02
1.825000000000000000e+02 1.835000000000000000e+02
1.845000000000000000e+02 1.855000000000000000e+02
1.855000000000000000e+02 1.865000000000000000e+02
1.865000000000000000e+02 1.875000000000000000e+02
1.895000000000000000e+02 1.905000000000000000e+02
1.895000000000000000e+02 1.905000000000000000e+02
1.915000000000000000e+02 1.925000000000000000e+02
1.935000000000000000e+02 1.945000000000000000e+02
1.945000000000000000e+02 1.955000000000000000e+02
1.945000000000000000e+02 1.955000000000000000e+02
1.975000000000000000e+02 1.985000000000000000e+02
2.065000000000000000e+02 2.085000000000000000e+02
2.075000000000000000e+02 2.085000000000000000e+02
2.095000000000000000e+02 2.105000000000000000e+02
2.115000000000000000e+02 2.125000000000000000e+02
2.125000000000000000e+02 2.135000000000000000e+02
2.165000000000000000e+02 2.175000000000000000e+02
2.165000000000000000e+02 2.175000000000000000e+02
2.195000000000000000e+02 2.205000000000000000e+02
2.225000000000000000e+02 2.235000000000000000e+02
2.295000000000000000e+02 2.305000000000000000e+02
2.355000000000000000e+02 2.365000000000000000e+02
2.415000000000000000e+02 2.425000000000000000e+02
2.585000000000000000e+02 2.595000000000000000e+02
2.625000000000000000e+02 2.635000000000000000e+02
2.625000000000000000e+02 2.635000000000000000e+02
2.625000000000000000e+02 2.635000000000000000e+02
2.635000000000000000e+02 2.645000000000000000e+02
2.655000000000000000e+02 2.665000000000000000e+02
2.675000000000000000e+02 2.685000000000000000e+02
2.765000000000000000e+02 2.775000000000000000e+02
2.855000000000000000e+02 2.865000000000000000e+02
2.905000000000000000e+02 2.915000000000000000e+02
3.045000000000000000e+02 3.055000000000000000e+02
3.085000000000000000e+02 3.095000000000000000e+02
3.125000000000000000e+02 3.135000000000000000e+02
3.165000000000000000e+02 3.175000000000000000e+02
3.225000000000000000e+02 3.235000000000000000e+02
3.285000000000000000e+02 3.295000000000000000e+02
3.375000000000000000e+02 3.385000000000000000e+02
3.435000000000000000e+02 3.445000000000000000e+02
3.465000000000000000e+02 3.475000000000000000e+02
3.465000000000000000e+02 3.475000000000000000e+02
3.495000000000000000e+02 3.505000000000000000e+02
3.685000000000000000e+02 3.695000000000000000e+02
3.715000000000000000e+02 3.725000000000000000e+02
3.785000000000000000e+02 3.795000000000000000e+02
3.975000000000000000e+02 3.985000000000000000e+02
3.985000000000000000e+02 3.995000000000000000e+02
3.985000000000000000e+02 3.995000000000000000e+02
4.035000000000000000e+02 4.045000000000000000e+02
4.035000000000000000e+02 4.045000000000000000e+02
4.165000000000000000e+02 4.175000000000000000e+02
4.175000000000000000e+02 4.185000000000000000e+02
4.325000000000000000e+02 4.335000000000000000e+02
4.325000000000000000e+02 4.335000000000000000e+02
