5.000000000000000000e-01 1.500000000000000000e+00
1.500000000000000000e+00 2.500000000000000000e+00
3.500000000000000000e+00 4.500000000000000000e+00
6.500000000000000000e+00 7.500000000000000000e+00
0.000000000000000000e+00 1.150000000000000000e+01
1.250000000000000000e+01 1.550000000000000000e+01
2.050000000000000000e+01 2.150000000000000000e+01
2.450000000000000000e+01 2.550000000000000000e+01
2.750000000000000000e+01 2.850000000000000000e+01
2.950000000000000000e+01 3.050000000000000000e+01
2.650000000000000000e+01 3.050000000000000000e+01
3.350000000000000000e+01 3.450000000000000000e+01
3.450000000000000000e+01 3.550000000000000000e+01
3.150000000000000000e+01 3.550000000000000000e+01
3.650000000000000000e+01 3.750000000000000000e+01
4.150000000000000000e+01 4.250000000000000000e+01
4.250000000000000000e+01 4.350000000000000000e+01
4.450000000000000000e+01 4.650000000000000000e+01
4.350000000000000000e+01 4.950000000000000000e+01
4.850000000000000000e+01 4.950000000000000000e+01
5.350000000000000000e+01 5.450000000000000000e+01
5.050000000000000000e+01 5.750000000000000000e+01
6.050000000000000000e+01 6.150000000000000000e+01
6.050000000000000000e+01 6.150000000000000000e+01
6.250000000000000000e+01 6.350000000000000000e+01
6.850000000000000000e+01 7.050000000000000000e+01
6.450000000000000000e+01 7.450000000000000000e+01
7.550000000000000000e+01 8.050000000000000000e+01
8.150000000000000000e+01 8.250000000000000000e+01
8.150000000000000000e+01 8.350000000000000000e+01
8.450000000000000000e+01 8.550000000000000000e+01
8.650000000000000000e+01 8.750000000000000000e+01
9.050000000000000000e+01 9.150000000000000000e+01
8.750000000000000000e+01 9.150000000000000000e+01
9.650000000000000000e+01 9.750000000000000000e+01
9.850000000000000000e+01 1.005000000000000000e+02
9.250000000000000000e+01 1.015000000000000000e+02
1.025000000000000000e+02 1.035000000000000000e+02
1.045000000000000000e+02 1.065000000000000000e+02
1.065000000000000000e+02 1.075000000000000000e+02
1.075000000000000000e+02 1.085000000000000000e+02
1.075000000000000000e+02 1.095000000000000000e+02
1.115000000000000000e+02 1.125000000000000000e+02
1.155000000000000000e+02 1.165000000000000000e+02
1.145000000000000000e+02 1.175000000000000000e+02
1.175000000000000000e+02 1.185000000000000000e+02
1.195000000000000000e+02 1.225000000000000000e+02
1.255000000000000000e+02 1.275000000000000000e+02
1.275000000000000000e+02 1.285000000000000000e+02
1.305000000000000000e+02 1.315000000000000000e+02
1.295000000000000000e+02 1.315000000000000000e+02
1.325000000000000000e+02 1.345000000000000000e+02
1.345000000000000000e+02 1.355000000000000000e+02
1.355000000000000000e+02 1.365000000000000000e+02
1.375000000000000000e+02 1.385000000000000000e+02
1.375000000000000000e+02 1.405000000000000000e+02
1.425000000000000000e+02 1.435000000000000000e+02
1.465000000000000000e+02 1.475000000000000000e+02
1.415000000000000000e+02 1.475000000000000000e+02
1.475000000000000000e+02 1.485000000000000000e+02
1.505000000000000000e+02 1.515000000000000000e+02
1.505000000000000000e+02 1.535000000000000000e+02
1.525000000000000000e+02 1.535000000000000000e+02
1.555000000000000000e+02 1.565000000000000000e+02
1.565000000000000000e+02 1.575000000000000000e+02
1.585000000000000000e+02 1.595000000000000000e+02
1.595000000000000000e+02 1.605000000000000000e+02
1.665000000000000000e+02 1.675000000000000000e+02
1.605000000000000000e+02 1.685000000000000000e+02
1.695000000000000000e+02 1.705000000000000000e+02
1.695000000000000000e+02 1.705000000000000000e+02
1.735000000000000000e+02 1.755000000000000000e+02
1.775000000000000000e+02 1.795000000000000000e+02
1.805000000000000000e+02 1.815000000000000000e+02
1.805000000000000000e+02 1.815000000000000000e+02
1.825000000000000000e+02 1.845000000000000000e+02
1.855000000000000000e+02 1.865000000000000000e+02
1.875000000000000000e+02 1.885000000000000000e+02
1.895000000000000000e+02 1.905000000000000000e+02
1.925000000000000000e+02 1.935000000000000000e+02
1.955000000000000000e+02 1.975000000000000000e+02
2.015000000000000000e+02 2.025000000000000000e+02
2.015000000000000000e+02 2.025000000000000000e+02
2.085000000000000000e+02 2.095000000000000000e+02
2.095000000000000000e+02 2.105000000000000000e+02
2.105000000000000000e+02 2.115000000000000000e+02
2.145000000000000000e+02 2.155000000000000000e+02
2.075000000000000000e+02 2.165000000000000000e+02
2.175000000000000000e+02 2.185000000000000000e+02
2.175000000000000000e+02 2.215000000000000000e+02
2.225000000000000000e+02 2.235000000000000000e+02
2.255000000000000000e+02 2.285000000000000000e+02
2.295000000000000000e+02 2.305000000000000000e+02
2.305000000000000000e+02 2.315000000000000000e+02
2.325000000000000000e+02 2.335000000000000000e+02
2.355000000000000000e+02 2.365000000000000000e+02
2.325000000000000000e+02 2.375000000000000000e+02
2.395000000000000000e+02 2.405000000000000000e+02
2.415000000000000000e+02 2.425000000000000000e+02
2.435000000000000000e+02 2.445000000000000000e+02
2.475000000000000000e+02 2.485000000000000000e+02
2.495000000000000000e+02 2.505000000000000000e+02
2.515000000000000000e+02 2.525000000000000000e+02
2.565000000000000000e+02 2.585000000000000000e+02
2.545000000000000000e+02 2.585000000000000000e+02
2.595000000000000000e+02 2.605000000000000000e+02
2.595000000000000000e+02 2.615000000000000000e+02
2.615000000000000000e+02 2.625000000000000000e+02
2.635000000000000000e+02 2.645000000000000000e+02
2.665000000000000000e+02 2.675000000000000000e+02
2.685000000000000000e+02 2.695000000000000000e+02
2.695000000000000000e+02 2.705000000000000000e+02
2.725000000000000000e+02 2.735000000000000000e+02
2.755000000000000000e+02 2.785000000000000000e+02
2.795000000000000000e+02 2.805000000000000000e+02
2.705000000000000000e+02 2.805000000000000000e+02
2.815000000000000000e+02 2.845000000000000000e+02
2.855000000000000000e+02 2.875000000000000000e+02
2.885000000000000000e+02 2.905000000000000000e+02
2.915000000000000000e+02 2.925000000000000000e+02
2.915000000000000000e+02 2.925000000000000000e+02
2.935000000000000000e+02 2.955000000000000000e+02
2.965000000000000000e+02 2.975000000000000000e+02
2.975000000000000000e+02 2.995000000000000000e+02
3.065000000000000000e+02 3.075000000000000000e+02
3.005000000000000000e+02 3.075000000000000000e+02
3.095000000000000000e+02 3.115000000000000000e+02
3.165000000000000000e+02 3.175000000000000000e+02
3.185000000000000000e+02 3.205000000000000000e+02
3.205000000000000000e+02 3.215000000000000000e+02
3.215000000000000000e+02 3.225000000000000000e+02
3.185000000000000000e+02 3.235000000000000000e+02
3.245000000000000000e+02 3.255000000000000000e+02
3.285000000000000000e+02 3.295000000000000000e+02
3.285000000000000000e+02 3.305000000000000000e+02
3.305000000000000000e+02 3.315000000000000000e+02
3.335000000000000000e+02 3.345000000000000000e+02
3.365000000000000000e+02 3.375000000000000000e+02
3.355000000000000000e+02 3.375000000000000000e+02
3.445000000000000000e+02 3.455000000000000000e+02
3.405000000000000000e+02 3.505000000000000000e+02
3.495000000000000000e+02 3.505000000000000000e+02
3.545000000000000000e+02 3.555000000000000000e+02
3.605000000000000000e+02 3.615000000000000000e+02
3.515000000000000000e+02 3.615000000000000000e+02
3.635000000000000000e+02 3.645000000000000000e+02
3.625000000000000000e+02 3.665000000000000000e+02
3.695000000000000000e+02 3.705000000000000000e+02
3.675000000000000000e+02 3.715000000000000000e+02
3.715000000000000000e+02 3.725000000000000000e+02
3.725000000000000000e+02 3.735000000000000000e+02
3.725000000000000000e+02 3.735000000000000000e+02
3.735000000000000000e+02 3.745000000000000000e+02
3.745000000000000000e+02 3.755000000000000000e+02
3.725000000000000000e+02 3.785000000000000000e+02
3.815000000000000000e+02 3.825000000000000000e+02
3.835000000000000000e+02 3.855000000000000000e+02
3.865000000000000000e+02 3.875000000000000000e+02
3.915000000000000000e+02 3.945000000000000000e+02
3.955000000000000000e+02 3.965000000000000000e+02
3.955000000000000000e+02 3.965000000000000000e+02
3.905000000000000000e+02 4.015000000000000000e+02
4.035000000000000000e+02 4.045000000000000000e+02
4.045000000000000000e+02 4.055000000000000000e+02
4.065000000000000000e+02 4.085000000000000000e+02
4.175000000000000000e+02 4.185000000000000000e+02
4.195000000000000000e+02 4.205000000000000000e+02
4.235000000000000000e+02 4.245000000000000000e+02
4.235000000000000000e+02 4.245000000000000000e+02
4.235000000000000000e+02 4.245000000000000000e+02
4.125000000000000000e+02 4.245000000000000000e+02
4.255000000000000000e+02 4.295000000000000000e+02
4.325000000000000000e+02 4.335000000000000000e+02
4.355000000000000000e+02 4.360000000000000000e+02
4.335000000000000000e+02 4.360000000000000000e+02
0.000000000000000000e+00 4.360000000000000000e+02
